24	1	1
30	1	1
38	1	-1
43	1	1
55	1	1
62	1	1
88	1	1
93	1	1
110	1	1
127	1	1
131	1	1
167	1	1
200	1	1
228	1	1
229	1	1
238	1	1
254	1	1
255	1	-1
256	1	1
266	1	1
274	1	1
278	1	1
292	1	-1
307	1	1
308	1	1
347	1	1
348	1	1
372	1	1
387	1	1
402	1	1
417	1	1
428	1	1
452	1	1
455	1	1
456	1	1
464	1	1
9	2	-1
19	2	1
25	2	1
38	2	-1
43	2	1
55	2	1
58	2	-1
62	2	1
88	2	1
92	2	1
93	2	1
108	2	1
110	2	1
117	2	1
118	2	1
124	2	1
127	2	1
131	2	1
145	2	1
149	2	1
155	2	1
162	2	1
167	2	1
175	2	1
181	2	1
184	2	1
189	2	1
194	2	1
197	2	-1
201	2	1
215	2	1
220	2	1
222	2	1
224	2	1
226	2	-1
227	2	1
228	2	1
229	2	1
235	2	1
236	2	1
238	2	1
248	2	-1
249	2	1
250	2	1
254	2	1
255	2	-1
256	2	1
262	2	1
274	2	1
276	2	1
278	2	1
286	2	1
292	2	-1
303	2	1
307	2	1
308	2	1
320	2	-1
347	2	1
348	2	1
349	2	1
352	2	1
357	2	1
365	2	1
372	2	1
387	2	1
398	2	1
402	2	1
410	2	-1
417	2	1
421	2	1
446	2	1
452	2	1
454	2	1
455	2	1
457	2	-1
19	3	1
25	3	1
38	3	-1
43	3	1
55	3	1
78	3	1
86	3	1
88	3	1
89	3	-1
92	3	1
93	3	1
104	3	1
108	3	1
118	3	1
119	3	1
124	3	1
127	3	1
131	3	1
134	3	1
145	3	1
152	3	1
153	3	1
155	3	1
162	3	1
167	3	1
168	3	-1
176	3	1
181	3	1
184	3	1
187	3	1
189	3	1
191	3	1
196	3	-1
197	3	-1
201	3	1
210	3	1
213	3	1
222	3	1
224	3	1
227	3	1
228	3	1
229	3	1
235	3	1
236	3	1
238	3	1
241	3	-1
246	3	1
248	3	-1
249	3	1
250	3	1
254	3	1
255	3	-1
256	3	1
262	3	1
266	3	1
276	3	1
278	3	1
281	3	1
286	3	1
292	3	-1
295	3	1
308	3	1
313	3	1
318	3	1
320	3	-1
330	3	1
348	3	1
349	3	1
365	3	1
372	3	1
387	3	1
402	3	1
410	3	-1
412	3	1
417	3	1
418	3	1
421	3	1
446	3	1
452	3	1
455	3	1
469	3	-1
47	4	-1
83	4	1
427	4	1
427	5	1
19	6	1
25	6	1
38	6	-1
92	6	1
131	6	1
152	6	1
176	6	1
181	6	1
187	6	1
197	6	-1
210	6	1
228	6	1
235	6	1
241	6	-1
256	6	1
262	6	1
286	6	1
347	6	1
356	6	1
372	6	1
452	6	1
455	6	1
463	6	1
125	7	-1
228	7	1
238	7	1
286	7	1
455	7	1
455	8	1
38	9	1
93	9	-1
197	9	1
200	9	-1
228	9	-1
241	9	1
262	9	1
317	9	1
347	9	-1
348	9	-1
387	9	1
402	9	-1
410	9	1
455	9	-1
38	10	1
83	10	1
131	10	-1
200	10	-1
228	10	-1
254	10	-1
262	10	1
278	10	-1
348	10	-1
387	10	-1
402	10	-1
450	10	-1
455	10	-1
38	11	1
131	11	1
171	11	-1
200	11	-1
228	11	-1
256	11	-1
295	11	1
348	11	-1
387	11	-1
402	11	-1
427	11	1
455	11	-1
79	12	1
173	12	1
200	12	1
255	12	-1
264	12	1
274	12	1
337	12	1
387	12	1
400	12	1
402	12	1
411	12	1
428	12	1
434	12	1
450	12	1
467	12	1
38	13	-1
43	13	1
49	13	1
55	13	1
92	13	1
131	13	1
153	13	1
168	13	-1
197	13	-1
228	13	1
241	13	-1
256	13	1
276	13	1
413	13	1
414	13	1
417	13	1
436	13	1
455	13	1
12	14	1
198	14	1
401	14	1
402	14	1
47	15	1
7	16	1
23	16	1
37	16	-1
43	16	1
68	16	-1
78	16	1
88	16	-1
108	16	-1
144	16	1
158	16	-1
163	16	1
173	16	-1
209	16	1
220	16	1
228	16	-1
237	16	-1
238	16	-1
246	16	1
248	16	1
256	16	-1
269	16	1
290	16	-1
292	16	1
306	16	1
318	16	1
336	16	1
343	16	-1
390	16	1
414	16	1
441	16	1
8	17	1
37	17	-1
63	17	-1
205	17	-1
209	17	1
241	17	1
248	17	1
282	17	1
290	17	1
306	17	1
307	17	-1
331	17	-1
374	17	1
414	17	1
432	17	1
450	17	-1
452	17	-1
471	17	1
3	18	1
16	18	1
18	18	1
21	18	1
49	18	-1
80	18	-1
81	18	1
103	18	1
104	18	1
131	18	1
151	18	1
157	18	1
191	18	-1
209	18	1
228	18	-1
235	18	1
287	18	1
298	18	-1
374	18	1
390	18	1
395	18	-1
402	18	1
421	18	-1
436	18	1
442	18	1
461	18	-1
1	19	-1
30	19	1
49	19	-1
80	19	-1
85	19	-1
237	19	-1
241	19	1
245	19	1
290	19	-1
317	19	1
394	19	1
416	19	1
421	19	-1
437	19	1
450	19	-1
462	19	1
4	20	1
49	20	-1
63	20	1
150	20	1
242	20	1
248	20	1
427	20	1
432	20	1
3	21	1
15	21	1
19	21	1
24	21	1
25	21	1
32	21	1
38	21	-1
55	21	1
62	21	1
78	21	1
80	21	1
88	21	1
91	21	-1
92	21	1
93	21	1
99	21	1
104	21	1
108	21	1
110	21	1
117	21	1
118	21	1
119	21	1
124	21	1
134	21	1
145	21	1
152	21	1
153	21	1
155	21	1
164	21	1
168	21	-1
171	21	1
176	21	1
181	21	1
183	21	1
184	21	1
187	21	1
189	21	1
191	21	1
195	21	-1
196	21	-1
197	21	-1
200	21	1
201	21	1
210	21	1
213	21	1
217	21	-1
222	21	1
228	21	1
229	21	1
235	21	1
238	21	1
241	21	-1
246	21	1
248	21	-1
249	21	1
250	21	1
254	21	1
255	21	-1
256	21	1
262	21	1
263	21	1
265	21	1
266	21	1
276	21	1
278	21	1
286	21	1
292	21	-1
295	21	1
297	21	1
303	21	1
308	21	1
316	21	1
330	21	1
347	21	1
348	21	1
349	21	1
365	21	1
368	21	1
372	21	1
387	21	1
392	21	1
393	21	1
395	21	1
402	21	1
403	21	1
410	21	-1
412	21	1
415	21	1
417	21	1
419	21	-1
421	21	1
427	21	1
428	21	-1
432	21	1
437	21	1
446	21	1
452	21	1
454	21	1
455	21	1
457	21	-1
459	21	1
3	22	1
19	22	1
24	22	1
32	22	1
38	22	-1
55	22	1
62	22	1
78	22	1
88	22	1
92	22	1
93	22	1
104	22	1
110	22	1
117	22	1
118	22	1
119	22	1
124	22	1
127	22	1
131	22	1
134	22	1
145	22	1
152	22	1
153	22	1
155	22	1
164	22	1
168	22	-1
171	22	1
176	22	1
181	22	1
183	22	1
184	22	1
187	22	1
189	22	1
191	22	1
197	22	-1
201	22	1
210	22	1
213	22	1
222	22	1
224	22	1
228	22	1
236	22	1
238	22	1
241	22	-1
246	22	1
248	22	-1
249	22	1
250	22	1
254	22	1
255	22	-1
256	22	1
262	22	1
263	22	1
265	22	1
266	22	1
270	22	1
276	22	1
278	22	1
281	22	1
286	22	1
292	22	-1
295	22	1
297	22	1
308	22	1
313	22	1
318	22	1
320	22	-1
330	22	1
346	22	1
347	22	1
348	22	1
349	22	1
365	22	1
372	22	1
387	22	1
392	22	1
395	22	1
402	22	1
410	22	-1
412	22	1
415	22	1
417	22	1
418	22	1
419	22	-1
421	22	1
446	22	1
452	22	1
455	22	1
457	22	-1
459	22	1
468	22	-1
3	23	1
19	23	1
25	23	1
38	23	-1
43	23	1
55	23	1
62	23	1
67	23	1
78	23	1
88	23	1
92	23	1
93	23	1
104	23	1
108	23	1
110	23	1
115	23	1
117	23	1
118	23	1
119	23	1
124	23	1
127	23	1
131	23	1
134	23	1
136	23	1
145	23	1
152	23	1
153	23	1
155	23	1
164	23	1
167	23	1
168	23	-1
175	23	1
176	23	1
181	23	1
183	23	1
184	23	1
187	23	1
189	23	1
191	23	1
196	23	-1
197	23	-1
200	23	1
201	23	1
210	23	1
213	23	1
222	23	1
224	23	1
228	23	1
229	23	1
236	23	1
238	23	1
241	23	-1
246	23	1
248	23	-1
249	23	1
250	23	1
254	23	1
255	23	-1
256	23	1
260	23	1
262	23	1
266	23	1
276	23	1
278	23	1
281	23	1
286	23	1
295	23	1
297	23	1
301	23	1
308	23	1
313	23	1
320	23	-1
322	23	1
330	23	1
346	23	1
347	23	1
348	23	1
349	23	1
355	23	1
365	23	1
372	23	1
387	23	1
392	23	1
395	23	1
402	23	1
410	23	-1
412	23	1
415	23	1
417	23	1
418	23	1
421	23	1
432	23	1
437	23	1
441	23	1
446	23	1
452	23	1
455	23	1
457	23	-1
459	23	1
469	23	-1
3	24	1
19	24	1
32	24	1
38	24	-1
43	24	1
55	24	1
62	24	1
92	24	1
93	24	1
108	24	1
110	24	1
117	24	1
118	24	1
119	24	1
124	24	1
127	24	1
131	24	1
144	24	1
145	24	1
152	24	1
153	24	1
155	24	1
163	24	1
164	24	1
168	24	-1
176	24	1
181	24	1
183	24	1
187	24	1
189	24	1
196	24	-1
197	24	-1
201	24	1
210	24	1
212	24	1
213	24	1
222	24	1
224	24	1
228	24	1
229	24	1
236	24	1
238	24	1
241	24	-1
246	24	1
249	24	1
254	24	1
256	24	1
262	24	1
266	24	1
276	24	1
278	24	1
281	24	1
286	24	1
295	24	1
297	24	1
308	24	1
330	24	1
342	24	1
347	24	1
348	24	1
349	24	1
356	24	1
357	24	1
365	24	1
372	24	1
387	24	1
402	24	1
403	24	-1
412	24	1
417	24	1
418	24	1
421	24	1
430	24	1
446	24	1
452	24	1
455	24	1
7	25	1
19	25	1
55	25	1
92	25	1
93	25	1
131	25	1
137	25	1
155	25	1
176	25	1
181	25	1
241	25	-1
256	25	1
262	25	1
307	25	-1
347	25	1
348	25	1
349	25	1
357	25	1
372	25	1
397	25	1
444	25	1
452	25	1
455	25	1
2	26	1
3	26	1
7	26	1
18	26	1
20	26	1
33	26	1
36	26	1
55	26	1
62	26	1
68	26	1
82	26	1
88	26	1
89	26	1
104	26	1
105	26	1
108	26	1
110	26	1
115	26	1
131	26	1
151	26	1
165	26	1
176	26	1
184	26	1
194	26	1
200	26	1
213	26	1
228	26	1
236	26	1
238	26	1
242	26	1
249	26	1
254	26	1
256	26	1
274	26	1
282	26	1
287	26	1
308	26	1
316	26	1
317	26	1
318	26	1
327	26	1
330	26	1
336	26	1
349	26	1
351	26	1
355	26	1
371	26	1
372	26	1
374	26	1
386	26	1
387	26	1
392	26	1
393	26	1
395	26	1
402	26	1
403	26	1
412	26	1
413	26	1
425	26	1
442	26	1
452	26	1
454	26	1
455	26	1
2	27	1
3	27	1
16	27	1
21	27	1
30	27	1
34	27	1
49	27	1
63	27	1
92	27	1
104	27	1
131	27	1
149	27	1
194	27	1
241	27	-1
242	27	1
246	27	1
256	27	1
327	27	1
403	27	1
442	27	1
452	27	1
455	27	1
16	28	1
21	28	1
63	28	1
131	28	1
447	28	1
10	29	1
16	29	1
30	29	1
63	29	1
65	29	1
69	29	1
78	29	1
104	29	-1
111	29	1
133	29	-1
144	29	1
151	29	1
153	29	-1
165	29	1
173	29	1
176	29	1
194	29	1
199	29	1
217	29	1
242	29	1
245	29	1
248	29	1
251	29	1
256	29	1
267	29	1
287	29	1
302	29	1
327	29	1
386	29	1
392	29	1
403	29	1
434	29	1
437	29	1
442	29	1
455	29	1
464	29	1
1	30	1
2	30	1
3	30	1
18	30	1
19	30	1
21	30	1
30	30	1
49	30	-1
63	30	1
92	30	1
104	30	1
115	30	1
131	30	1
144	30	1
165	30	1
173	30	1
176	30	1
194	30	1
199	30	1
228	30	1
242	30	1
256	30	1
262	30	1
306	30	1
307	30	1
327	30	1
355	30	1
356	30	1
376	30	1
387	30	1
390	30	1
428	30	1
436	30	1
455	30	1
456	30	1
21	31	1
63	31	1
80	31	1
104	31	1
108	31	1
173	31	1
200	31	1
228	31	1
256	31	1
274	31	1
298	31	-1
336	31	1
372	31	1
387	31	1
402	31	1
452	31	1
455	31	1
21	32	1
30	32	1
49	32	1
63	32	1
89	32	1
135	32	1
157	32	1
173	32	1
199	32	1
217	32	1
244	32	1
248	32	1
267	32	1
306	32	1
307	32	1
327	32	1
433	32	-1
3	33	1
16	33	1
21	33	1
37	33	-1
80	33	-1
85	33	1
104	33	1
108	33	1
173	33	1
176	33	1
194	33	1
196	33	-1
210	33	1
256	33	1
274	33	1
327	33	1
332	33	1
336	33	1
356	33	1
372	33	1
387	33	1
440	33	1
441	33	1
455	33	1
19	34	1
21	34	-1
63	34	1
144	34	1
173	34	1
194	34	1
217	34	1
250	34	-1
282	34	1
441	34	1
49	35	1
80	35	-1
131	35	1
144	35	1
194	35	1
207	35	-1
217	35	1
229	35	-1
248	35	1
307	35	1
337	35	1
436	35	1
442	35	1
58	36	1
93	36	1
117	36	1
184	36	1
190	36	1
248	36	1
250	36	1
256	36	1
265	36	1
286	36	1
290	36	1
296	36	1
307	36	1
308	36	1
327	36	1
388	36	1
402	36	1
415	36	1
436	36	1
446	36	1
19	37	1
21	37	1
23	37	1
43	37	1
55	37	1
58	37	1
92	37	1
93	37	1
101	37	1
127	37	1
149	37	1
152	37	1
153	37	1
160	37	1
171	37	1
173	37	1
176	37	1
184	37	1
190	37	1
194	37	1
246	37	1
247	37	1
249	37	1
250	37	1
259	37	1
283	37	1
286	37	1
307	37	1
316	37	1
318	37	1
327	37	1
349	37	1
354	37	-1
371	37	1
372	37	1
383	37	1
392	37	1
398	37	1
402	37	1
407	37	1
415	37	1
429	37	1
434	37	1
446	37	1
451	37	1
455	37	1
19	38	1
32	38	1
34	38	1
43	38	1
51	38	-1
55	38	1
68	38	1
72	38	1
75	38	1
82	38	1
83	38	1
88	38	1
92	38	1
99	38	1
101	38	1
127	38	1
131	38	1
155	38	1
160	38	1
167	38	1
176	38	1
177	38	1
184	38	1
191	38	1
209	38	1
228	38	1
246	38	1
249	38	1
259	38	1
267	38	1
283	38	1
286	38	1
290	38	-1
297	38	1
307	38	1
308	38	1
316	38	1
327	38	1
333	38	1
349	38	1
376	38	1
402	38	1
415	38	1
417	38	1
418	38	1
446	38	1
451	38	1
455	38	1
461	38	-1
472	38	1
3	39	1
10	39	1
40	39	-1
55	39	1
77	39	1
96	39	1
101	39	1
134	39	1
138	39	-1
207	39	-1
246	39	1
248	39	1
254	39	1
260	39	1
274	39	-1
295	39	1
346	39	1
347	39	1
371	39	1
402	39	1
414	39	-1
416	39	1
446	39	1
455	39	1
456	39	1
33	40	-1
49	40	1
92	40	1
131	40	1
176	40	1
228	40	1
235	40	1
246	40	1
256	40	1
298	40	-1
316	40	1
327	40	1
455	40	1
3	41	-1
5	41	-1
9	41	-1
11	41	1
12	41	1
20	41	1
30	41	1
34	41	1
38	41	1
41	41	-1
42	41	-1
43	41	1
63	41	1
70	41	-1
71	41	-1
72	41	1
73	41	-1
74	41	1
75	41	1
81	41	1
82	41	1
83	41	1
84	41	1
85	41	1
86	41	-1
90	41	1
92	41	1
93	41	1
94	41	-1
95	41	1
99	41	-1
104	41	-1
111	41	1
114	41	1
126	41	-1
128	41	-1
130	41	1
138	41	-1
139	41	-1
148	41	-1
149	41	1
151	41	1
152	41	-1
153	41	1
157	41	1
161	41	-1
168	41	-1
170	41	-1
177	41	1
178	41	-1
179	41	-1
181	41	1
189	41	-1
195	41	-1
196	41	-1
197	41	-1
199	41	-1
212	41	-1
218	41	-1
223	41	1
225	41	1
227	41	1
232	41	-1
242	41	1
247	41	-1
250	41	1
251	41	-1
260	41	-1
262	41	-1
263	41	-1
264	41	-1
269	41	-1
271	41	-1
272	41	-1
277	41	1
278	41	-1
279	41	-1
280	41	-1
281	41	1
283	41	1
284	41	-1
285	41	-1
286	41	-1
288	41	1
297	41	-1
299	41	1
300	41	-1
301	41	-1
302	41	1
303	41	1
304	41	1
309	41	1
310	41	-1
316	41	1
323	41	1
326	41	-1
327	41	-1
333	41	1
334	41	1
335	41	-1
356	41	-1
358	41	-1
361	41	-1
363	41	-1
371	41	1
372	41	-1
376	41	-1
397	41	-1
402	41	-1
406	41	-1
415	41	-1
436	41	-1
439	41	-1
443	41	-1
447	41	1
256	43	1
455	43	1
154	44	1
381	44	1
455	44	1
464	46	1
80	47	1
123	47	1
167	47	1
249	47	1
265	47	1
452	47	1
464	47	1
123	48	1
167	48	1
318	48	1
402	48	1
452	48	1
123	49	1
265	49	1
307	49	1
85	50	1
110	50	1
123	50	1
265	50	1
110	51	1
123	51	1
193	51	1
394	51	-1
402	51	1
417	51	-1
9	52	1
110	52	1
123	52	1
159	52	1
167	52	1
249	52	1
276	52	1
286	52	1
316	52	1
452	52	1
110	53	1
276	53	1
318	53	1
439	53	1
92	54	1
123	54	1
156	54	-1
265	54	1
303	54	1
307	54	1
7	55	1
85	55	-1
141	55	1
153	55	-1
157	55	1
216	55	-1
303	55	-1
361	55	-1
394	55	1
413	55	1
415	55	-1
455	55	-1
464	55	-1
51	56	-1
104	56	1
238	56	-1
274	56	1
330	56	-1
30	57	1
157	57	1
237	57	-1
274	57	1
80	58	1
116	58	1
76	59	-1
184	59	1
239	59	-1
286	59	1
319	59	1
383	59	1
418	59	1
471	59	1
24	60	1
92	60	1
157	60	1
184	60	1
237	60	-1
286	60	1
290	60	1
374	60	-1
387	60	1
418	60	1
3	61	1
8	61	1
24	61	1
84	61	-1
92	61	1
145	61	1
157	61	1
168	61	-1
175	61	1
184	61	1
187	61	1
228	61	1
319	61	1
330	61	1
337	61	1
387	61	1
394	61	1
418	61	1
429	61	1
432	61	1
471	61	1
92	62	1
145	62	1
150	62	1
168	62	-1
175	62	1
184	62	1
196	62	-1
228	62	1
233	62	1
235	62	1
256	62	1
281	62	1
286	62	1
319	62	1
387	62	1
394	62	1
418	62	1
442	62	-1
471	62	1
105	63	1
158	63	1
196	63	1
294	63	1
387	63	-1
408	63	1
442	63	1
228	64	-1
387	64	-1
393	64	-1
298	65	-1
82	66	1
157	66	1
253	66	1
299	66	1
378	66	1
387	67	1
393	67	-1
68	68	1
81	68	1
88	68	1
92	68	1
108	68	1
110	68	1
176	68	1
187	68	1
216	68	1
228	68	1
235	68	1
238	68	1
249	68	1
254	68	1
256	68	1
262	68	1
347	68	1
348	68	1
408	68	1
455	68	1
131	69	1
150	69	1
468	69	1
110	70	1
167	70	1
256	70	1
265	70	1
274	70	1
402	70	1
23	71	1
30	71	1
38	71	-1
43	71	1
62	71	1
88	71	1
92	71	1
93	71	1
104	71	1
110	71	1
155	71	1
167	71	1
228	71	1
238	71	1
249	71	1
256	71	1
265	71	1
292	71	-1
320	71	-1
372	71	1
402	71	1
455	71	1
8	72	1
19	72	1
30	72	1
38	72	-1
43	72	1
55	72	1
62	72	1
88	72	1
92	72	1
93	72	1
110	72	1
155	72	1
167	72	1
176	72	1
191	72	1
197	72	-1
222	72	1
226	72	-1
228	72	1
238	72	1
241	72	-1
248	72	-1
256	72	1
265	72	1
286	72	1
292	72	-1
316	72	1
320	72	-1
349	72	1
372	72	1
402	72	1
417	72	1
427	72	1
455	72	1
14	73	1
19	73	1
23	73	1
62	73	1
88	73	1
92	73	1
93	73	1
104	73	1
131	73	1
152	73	1
155	73	1
167	73	1
191	73	1
222	73	1
228	73	1
238	73	1
241	73	-1
256	73	1
265	73	1
292	73	-1
316	73	1
320	73	-1
372	73	1
402	73	1
455	73	1
14	74	1
19	74	1
30	74	1
62	74	1
88	74	1
92	74	1
131	74	1
145	74	1
155	74	1
167	74	1
176	74	1
191	74	1
222	74	1
228	74	1
238	74	1
241	74	-1
256	74	1
262	74	1
265	74	1
316	74	1
372	74	1
455	74	1
19	75	1
30	75	1
92	75	1
152	75	1
167	75	1
228	75	1
265	75	1
34	76	1
92	76	1
152	76	1
167	76	1
182	76	1
191	76	1
207	76	-1
210	76	1
228	76	1
387	76	1
418	76	1
468	76	-1
21	77	-1
228	77	1
62	78	1
92	78	1
184	78	1
216	78	1
9	79	1
23	79	1
62	79	1
88	79	1
92	79	1
93	79	1
110	79	1
119	79	1
125	79	1
127	79	1
131	79	1
173	79	1
179	79	1
184	79	1
188	79	1
189	79	1
200	79	1
228	79	1
246	79	1
250	79	1
256	79	1
402	79	1
418	79	1
455	79	1
119	80	1
187	80	1
228	80	1
246	80	1
256	80	1
92	81	1
110	81	1
200	81	1
278	81	1
417	81	1
455	81	1
80	82	1
318	82	1
228	83	1
21	85	1
69	85	1
173	85	1
194	85	1
199	85	1
210	85	1
217	85	1
245	85	1
274	85	1
326	85	1
336	85	1
348	85	1
387	85	1
402	85	1
8	86	1
194	86	1
248	86	1
307	86	1
326	86	1
21	87	1
34	87	-1
92	87	-1
217	87	1
249	87	-1
298	87	-1
307	87	1
337	87	1
417	87	1
456	87	1
8	88	1
16	88	1
21	88	1
63	88	1
131	88	1
135	88	1
158	88	-1
163	88	1
199	88	1
217	88	1
248	88	1
282	88	1
306	88	1
307	88	1
10	89	1
63	89	1
105	89	1
217	89	1
244	89	1
245	89	1
307	89	1
1	90	-1
12	90	-1
16	90	-1
21	90	1
37	90	-1
49	90	1
53	90	-1
64	90	-1
65	90	1
89	90	1
131	90	1
147	90	-1
150	90	-1
174	90	-1
175	90	-1
199	90	1
200	90	-1
209	90	1
216	90	-1
242	90	1
250	90	-1
283	90	-1
307	90	1
416	90	1
436	90	1
3	91	1
19	91	1
38	91	-1
43	91	1
49	91	1
50	91	1
53	91	-1
55	91	1
58	91	1
76	91	1
88	91	1
92	91	1
93	91	1
106	91	1
107	91	1
108	91	1
124	91	1
127	91	1
129	91	1
131	91	1
147	91	1
153	91	1
155	91	1
167	91	1
168	91	-1
171	91	1
176	91	1
181	91	1
183	91	1
187	91	1
191	91	1
197	91	-1
209	91	1
216	91	1
217	91	1
226	91	1
228	91	1
238	91	1
239	91	1
241	91	-1
244	91	1
248	91	-1
249	91	1
254	91	1
256	91	1
273	91	1
276	91	1
290	91	1
298	91	1
347	91	1
349	91	1
357	91	1
372	91	1
400	91	1
403	91	1
413	91	1
455	91	1
459	91	1
9	92	1
15	92	1
41	92	1
65	92	1
84	92	1
86	92	1
87	92	1
89	92	1
104	92	1
107	92	1
131	92	1
147	92	1
171	92	1
173	92	1
238	92	1
239	92	1
244	92	1
246	92	1
251	92	1
290	92	1
372	92	1
396	92	1
425	92	1
428	92	1
9	93	1
21	93	1
76	93	1
85	93	1
87	93	1
107	93	1
147	93	1
163	93	1
238	93	1
290	93	1
298	93	1
393	93	1
398	93	1
410	93	1
428	93	1
76	94	1
107	94	1
147	94	1
157	94	1
209	94	1
229	94	1
238	94	1
252	94	1
264	94	1
274	94	1
290	94	1
417	94	1
428	94	1
24	95	1
34	95	1
76	95	1
88	95	1
147	95	1
209	95	1
228	95	1
229	95	1
238	95	1
244	95	1
274	95	1
290	95	1
385	95	1
421	95	1
428	95	1
34	96	-1
87	96	1
107	96	1
108	96	1
131	96	1
147	96	1
176	96	1
197	96	-1
251	96	1
256	96	1
286	96	1
307	96	1
372	96	1
9	97	1
25	97	1
48	97	1
50	97	1
71	97	1
92	97	1
99	97	1
107	97	1
108	97	1
176	97	1
196	97	1
223	97	1
239	97	1
251	97	1
285	97	1
286	97	1
290	97	1
316	97	1
396	97	1
465	97	1
9	98	1
34	98	-1
48	98	1
76	98	1
107	98	1
120	98	1
246	98	1
251	98	1
275	98	1
290	98	1
335	98	1
428	98	1
9	99	1
107	99	1
120	99	1
147	99	1
290	99	1
9	100	1
19	100	1
24	100	1
55	100	1
76	100	1
92	100	1
127	100	1
130	100	1
131	100	1
144	100	1
147	100	1
167	100	1
176	100	1
180	100	1
191	100	1
207	100	1
209	100	1
227	100	1
228	100	1
229	100	1
246	100	1
249	100	1
256	100	1
274	100	1
275	100	1
286	100	1
290	100	1
307	100	1
328	100	1
348	100	1
367	100	1
394	100	1
396	100	1
397	100	1
401	100	1
403	100	1
417	100	1
421	100	1
428	100	1
446	100	1
449	100	1
452	100	1
455	100	1
9	101	1
19	101	1
50	101	1
62	101	1
76	101	1
92	101	1
98	101	-1
110	101	1
127	101	1
129	101	1
130	101	1
131	101	1
144	101	1
147	101	1
148	101	-1
154	101	-1
162	101	1
167	101	1
176	101	1
180	101	1
182	101	1
195	101	-1
206	101	1
207	101	1
209	101	1
227	101	1
228	101	1
229	101	1
230	101	1
239	101	1
246	101	1
249	101	1
256	101	1
270	101	1
274	101	1
276	101	1
278	101	1
286	101	1
290	101	1
292	101	1
307	101	1
326	101	-1
335	101	-1
348	101	1
352	101	1
372	101	1
394	101	1
396	101	1
397	101	1
403	101	1
406	101	1
411	101	1
417	101	1
428	101	1
449	101	1
455	101	1
457	101	-1
464	101	1
468	101	-1
19	102	1
48	102	1
50	102	1
62	102	1
76	102	1
87	102	1
88	102	1
107	102	1
110	102	1
127	102	1
129	102	1
130	102	1
131	102	1
133	102	1
143	102	1
144	102	1
147	102	1
148	102	-1
154	102	-1
162	102	1
167	102	1
172	102	1
176	102	1
180	102	-1
187	102	1
191	102	1
194	102	1
195	102	-1
206	102	1
218	102	1
219	102	1
226	102	1
227	102	1
228	102	1
229	102	1
238	102	1
239	102	1
246	102	1
249	102	1
251	102	1
255	102	-1
256	102	1
264	102	1
270	102	1
274	102	1
275	102	1
276	102	1
290	102	1
292	102	1
307	102	1
326	102	-1
332	102	1
335	102	-1
339	102	1
348	102	1
367	102	1
373	102	1
392	102	1
394	102	1
397	102	1
403	102	1
412	102	1
415	102	1
417	102	1
421	102	1
428	102	1
443	102	1
449	102	1
451	102	1
452	102	1
454	102	1
455	102	1
457	102	-1
459	102	1
468	102	-1
472	102	1
48	103	1
50	103	1
62	103	1
76	103	1
79	103	1
80	103	-1
88	103	1
91	103	1
100	103	1
107	103	1
110	103	1
127	103	1
129	103	1
130	103	1
131	103	1
143	103	1
144	103	1
147	103	1
148	103	-1
154	103	-1
162	103	1
167	103	1
172	103	1
176	103	1
187	103	1
194	103	1
195	103	-1
198	103	1
206	103	1
209	103	1
219	103	1
224	103	1
227	103	1
228	103	1
229	103	1
239	103	1
246	103	1
249	103	1
251	103	1
255	103	-1
256	103	1
264	103	1
270	103	1
274	103	1
275	103	1
276	103	1
290	103	1
292	103	1
326	103	-1
327	103	1
335	103	-1
339	103	1
362	103	1
363	103	1
367	103	1
397	103	1
403	103	1
406	103	1
411	103	1
417	103	1
422	103	1
428	103	1
441	103	1
449	103	1
451	103	1
452	103	1
454	103	1
455	103	1
457	103	-1
459	103	1
468	103	-1
9	104	-1
19	104	1
20	104	1
43	104	1
45	104	1
48	104	1
50	104	1
62	104	1
76	104	1
79	104	1
88	104	1
91	104	1
100	104	1
101	104	1
107	104	1
110	104	1
117	104	1
119	104	1
127	104	1
129	104	1
130	104	1
131	104	1
143	104	1
144	104	1
147	104	1
148	104	-1
154	104	-1
155	104	1
156	104	-1
162	104	1
167	104	1
172	104	1
176	104	1
180	104	-1
187	104	1
191	104	1
194	104	1
195	104	-1
196	104	-1
198	104	1
206	104	1
209	104	1
218	104	1
219	104	1
227	104	1
228	104	1
229	104	1
239	104	1
249	104	1
251	104	1
254	104	1
255	104	-1
256	104	1
259	104	1
264	104	1
270	104	1
274	104	1
275	104	1
276	104	1
284	104	-1
290	104	1
292	104	1
307	104	1
321	104	1
326	104	-1
327	104	1
330	104	1
338	104	1
339	104	1
360	104	1
363	104	1
367	104	1
381	104	1
392	104	1
394	104	1
396	104	1
397	104	1
403	104	1
411	104	1
412	104	1
415	104	1
417	104	1
421	104	1
428	104	1
435	104	1
437	104	1
443	104	1
446	104	1
449	104	1
451	104	1
452	104	1
454	104	1
455	104	1
457	104	-1
462	104	1
467	104	1
468	104	-1
472	104	1
37	107	1
172	107	-1
173	107	-1
174	107	-1
185	107	1
347	107	-1
403	107	-1
430	107	-1
207	108	1
195	109	1
207	109	1
256	109	1
454	109	-1
110	110	1
207	110	1
278	110	1
298	110	-1
19	111	1
25	111	1
50	111	1
55	111	1
62	111	1
81	111	1
88	111	1
90	111	1
92	111	1
93	111	1
96	111	1
110	111	1
117	111	1
119	111	1
127	111	1
155	111	1
167	111	1
173	111	1
178	111	1
185	111	1
191	111	1
193	111	-1
228	111	1
229	111	1
230	111	1
246	111	1
249	111	1
254	111	1
256	111	1
278	111	1
284	111	-1
286	111	1
342	111	-1
347	111	1
348	111	1
349	111	1
353	111	-1
357	111	1
372	111	1
374	111	-1
402	111	1
403	111	1
417	111	1
455	111	1
3	112	1
14	112	1
15	112	1
19	112	1
23	112	1
25	112	1
43	112	1
50	112	1
55	112	1
62	112	1
78	112	1
85	112	1
88	112	1
92	112	1
93	112	1
100	112	1
104	112	1
110	112	1
134	112	1
147	112	1
153	112	1
167	112	1
173	112	1
176	112	1
179	112	1
191	112	1
193	112	-1
216	112	1
228	112	1
229	112	1
230	112	1
246	112	1
249	112	1
254	112	1
256	112	1
266	112	1
278	112	1
286	112	1
294	112	1
295	112	1
347	112	1
348	112	1
349	112	1
357	112	1
372	112	1
396	112	1
403	112	1
411	112	1
417	112	1
421	112	1
437	112	1
443	112	1
454	112	1
455	112	1
457	112	-1
110	114	1
207	114	1
246	114	-1
256	114	1
347	114	1
398	114	1
412	114	1
19	115	1
23	115	1
25	115	1
35	115	1
38	115	-1
43	115	1
45	115	1
48	115	1
50	115	1
55	115	1
56	115	1
62	115	1
70	115	1
78	115	1
79	115	1
81	115	1
85	115	1
88	115	1
90	115	1
92	115	1
93	115	1
99	115	1
106	115	1
110	115	1
117	115	1
118	115	1
119	115	1
124	115	1
127	115	1
130	115	1
131	115	1
134	115	1
138	115	-1
152	115	1
153	115	1
155	115	1
158	115	1
162	115	1
165	115	1
167	115	1
168	115	-1
176	115	1
178	115	1
179	115	1
181	115	1
184	115	1
185	115	1
187	115	1
189	115	1
191	115	1
196	115	-1
197	115	-1
200	115	1
201	115	1
211	115	1
214	115	-1
222	115	1
224	115	1
227	115	1
228	115	1
230	115	1
233	115	-1
238	115	1
241	115	-1
246	115	1
249	115	1
250	115	1
254	115	1
255	115	-1
256	115	1
258	115	-1
259	115	1
265	115	1
266	115	1
273	115	1
276	115	1
278	115	1
286	115	1
292	115	-1
294	115	1
301	115	1
303	115	1
308	115	1
313	115	1
315	115	1
319	115	1
320	115	-1
321	115	1
328	115	1
334	115	-1
337	115	-1
347	115	1
348	115	1
349	115	1
352	115	1
353	115	-1
356	115	1
357	115	1
365	115	1
372	115	1
385	115	1
387	115	1
388	115	-1
392	115	1
396	115	1
397	115	1
399	115	1
403	115	1
406	115	1
410	115	-1
414	115	1
417	115	1
421	115	1
443	115	1
445	115	1
446	115	1
452	115	1
454	115	1
455	115	1
457	115	-1
468	115	-1
11	116	1
12	116	1
19	116	1
20	116	1
21	116	1
23	116	1
37	116	1
38	116	-1
43	116	1
48	116	1
55	116	1
62	116	1
63	116	1
69	116	1
76	116	1
78	116	1
85	116	1
88	116	1
92	116	1
93	116	1
104	116	1
110	116	1
115	116	1
117	116	1
119	116	1
126	116	1
127	116	1
130	116	1
131	116	1
134	116	1
147	116	1
152	116	1
153	116	1
154	116	-1
155	116	1
165	116	1
167	116	1
168	116	-1
172	116	1
175	116	1
176	116	1
179	116	1
181	116	1
182	116	-1
187	116	1
189	116	1
191	116	1
197	116	-1
200	116	1
201	116	1
209	116	1
213	116	1
222	116	1
227	116	1
228	116	1
230	116	1
238	116	1
241	116	-1
242	116	1
246	116	1
249	116	1
254	116	1
256	116	1
265	116	1
278	116	1
284	116	1
286	116	1
303	116	1
308	116	1
313	116	1
321	116	1
340	116	-1
347	116	1
348	116	1
349	116	1
352	116	1
356	116	1
357	116	1
372	116	1
392	116	1
405	116	1
410	116	-1
417	116	1
421	116	1
443	116	1
452	116	1
455	116	1
460	116	1
464	116	1
468	116	-1
12	117	1
19	117	1
20	117	1
23	117	1
43	117	1
48	117	1
50	117	1
55	117	1
62	117	1
78	117	1
79	117	1
88	117	1
92	117	1
93	117	1
104	117	1
110	117	1
119	117	1
127	117	1
131	117	1
134	117	1
147	117	1
148	117	-1
152	117	1
153	117	1
155	117	1
163	117	1
167	117	1
168	117	-1
172	117	1
176	117	1
178	117	1
179	117	1
181	117	1
182	117	-1
183	117	1
187	117	1
189	117	1
197	117	-1
199	117	1
200	117	1
201	117	1
209	117	1
211	117	1
217	117	1
222	117	1
227	117	1
228	117	1
229	117	1
230	117	1
241	117	-1
246	117	1
249	117	1
250	117	1
252	117	1
254	117	1
256	117	1
265	117	1
268	117	-1
276	117	1
278	117	1
283	117	1
286	117	1
313	117	1
316	117	1
321	117	1
347	117	1
348	117	1
349	117	1
352	117	1
356	117	1
357	117	1
372	117	1
382	117	1
392	117	1
394	117	1
396	117	1
397	117	1
403	117	1
404	117	1
405	117	1
410	117	-1
412	117	1
415	117	1
417	117	1
421	117	1
443	117	1
452	117	1
455	117	1
460	117	1
463	117	1
19	118	1
21	118	1
23	118	1
24	118	1
37	118	1
43	118	1
45	118	1
55	118	1
62	118	1
69	118	1
78	118	1
85	118	1
88	118	1
92	118	1
93	118	1
110	118	1
113	118	1
115	118	1
119	118	1
124	118	1
127	118	1
130	118	1
131	118	1
144	118	1
147	118	1
148	118	-1
152	118	1
153	118	1
155	118	1
167	118	1
172	118	1
175	118	1
176	118	1
179	118	1
181	118	1
183	118	1
187	118	1
189	118	1
197	118	-1
199	118	1
200	118	1
211	118	1
217	118	1
222	118	1
227	118	1
228	118	1
229	118	1
230	118	1
238	118	1
241	118	-1
246	118	1
249	118	1
254	118	1
255	118	-1
256	118	1
278	118	1
283	118	1
313	118	1
316	118	1
321	118	1
347	118	1
348	118	1
349	118	1
372	118	1
382	118	1
387	118	1
392	118	1
394	118	1
396	118	1
403	118	1
406	118	-1
410	118	-1
413	118	1
417	118	1
421	118	1
426	118	1
428	118	1
436	118	1
449	118	1
450	118	1
452	118	1
455	118	1
458	118	1
468	118	1
469	118	1
4	119	1
19	119	1
23	119	1
24	119	1
35	119	1
43	119	1
45	119	1
48	119	1
55	119	1
58	119	1
62	119	1
67	119	1
69	119	1
78	119	1
88	119	1
92	119	1
93	119	1
98	119	-1
104	119	1
109	119	1
110	119	1
119	119	1
120	119	-1
126	119	1
127	119	1
130	119	1
131	119	1
143	119	1
144	119	1
148	119	-1
152	119	1
153	119	1
154	119	-1
155	119	1
164	119	1
167	119	1
168	119	-1
172	119	1
175	119	1
176	119	1
178	119	1
179	119	1
181	119	1
182	119	-1
183	119	1
187	119	1
189	119	1
195	119	-1
196	119	-1
199	119	1
200	119	1
201	119	1
209	119	1
211	119	1
213	119	1
217	119	1
221	119	1
222	119	1
224	119	1
228	119	1
229	119	1
230	119	1
238	119	1
239	119	1
241	119	-1
242	119	1
245	119	1
246	119	1
249	119	1
250	119	1
254	119	1
256	119	1
262	119	1
264	119	1
268	119	-1
276	119	1
278	119	1
283	119	1
284	119	1
286	119	1
290	119	1
307	119	1
313	119	1
316	119	1
321	119	1
331	119	-1
335	119	-1
347	119	1
348	119	1
349	119	1
352	119	1
356	119	1
357	119	1
371	119	1
372	119	1
377	119	-1
382	119	1
388	119	1
398	119	1
403	119	1
407	119	1
409	119	1
410	119	1
415	119	1
417	119	1
421	119	1
428	119	1
443	119	1
449	119	1
452	119	1
454	119	1
455	119	1
458	119	1
468	119	-1
12	120	1
15	120	1
19	120	1
23	120	1
24	120	1
26	120	1
32	120	1
37	120	1
43	120	1
45	120	1
48	120	1
50	120	1
55	120	1
58	120	1
62	120	1
63	120	1
67	120	1
69	120	1
72	120	1
76	120	1
78	120	1
84	120	1
88	120	1
92	120	1
93	120	1
104	120	1
107	120	1
110	120	1
115	120	1
119	120	1
123	120	1
126	120	1
127	120	1
130	120	1
134	120	1
138	120	-1
143	120	1
144	120	1
147	120	1
152	120	1
153	120	1
154	120	-1
155	120	1
157	120	1
163	120	1
167	120	1
168	120	-1
171	120	1
172	120	1
176	120	1
179	120	1
181	120	1
182	120	-1
187	120	1
188	120	1
189	120	1
197	120	-1
199	120	1
200	120	1
201	120	1
205	120	1
206	120	1
213	120	1
217	120	1
218	120	1
222	120	1
228	120	1
229	120	1
230	120	1
233	120	-1
236	120	1
238	120	1
239	120	1
241	120	-1
244	120	1
246	120	1
249	120	1
250	120	1
254	120	1
256	120	1
262	120	1
264	120	1
266	120	1
270	120	1
274	120	1
276	120	1
278	120	1
283	120	1
284	120	1
290	120	1
294	120	1
295	120	1
298	120	1
303	120	1
310	120	1
313	120	1
315	120	1
316	120	1
321	120	1
335	120	-1
337	120	1
347	120	1
348	120	1
349	120	1
352	120	1
356	120	1
357	120	1
365	120	-1
372	120	1
382	120	1
386	120	1
387	120	1
392	120	1
393	120	1
394	120	1
395	120	1
403	120	1
404	120	1
405	120	1
410	120	-1
412	120	1
413	120	1
415	120	1
417	120	1
418	120	1
421	120	1
428	120	1
434	120	1
436	120	1
445	120	1
446	120	1
450	120	1
452	120	1
455	120	1
460	120	1
468	120	1
472	120	1
13	121	-1
19	121	1
21	121	1
23	121	1
42	121	1
43	121	1
44	121	-1
46	121	-1
52	121	-1
55	121	1
59	121	1
62	121	1
63	121	1
68	121	-1
73	121	-1
76	121	1
78	121	1
83	121	-1
84	121	1
88	121	1
90	121	1
92	121	1
93	121	1
98	121	-1
103	121	-1
104	121	1
110	121	1
112	121	-1
118	121	1
119	121	1
126	121	1
127	121	1
134	121	1
138	121	-1
143	121	1
144	121	1
147	121	1
148	121	-1
152	121	1
153	121	1
154	121	-1
156	121	-1
167	121	1
168	121	-1
171	121	1
172	121	1
175	121	1
176	121	1
179	121	1
182	121	-1
187	121	1
189	121	1
193	121	-1
195	121	-1
196	121	-1
197	121	-1
206	121	1
208	121	-1
213	121	1
214	121	-1
224	121	1
226	121	1
227	121	1
228	121	1
229	121	1
230	121	1
231	121	-1
233	121	-1
241	121	-1
244	121	1
245	121	1
246	121	1
249	121	1
252	121	-1
254	121	1
255	121	-1
256	121	1
259	121	1
260	121	-1
264	121	1
268	121	-1
273	121	1
274	121	1
275	121	-1
276	121	1
278	121	1
280	121	-1
282	121	1
283	121	1
289	121	-1
290	121	1
301	121	1
309	121	-1
315	121	1
318	121	1
321	121	1
326	121	-1
327	121	1
331	121	-1
335	121	-1
336	121	1
340	121	-1
341	121	1
348	121	1
349	121	1
352	121	1
353	121	-1
356	121	1
357	121	1
364	121	-1
370	121	-1
376	121	-1
382	121	1
388	121	1
390	121	1
392	121	1
394	121	1
397	121	1
401	121	-1
402	121	1
403	121	1
404	121	1
409	121	1
410	121	-1
411	121	1
413	121	-1
414	121	1
417	121	1
424	121	1
431	121	-1
443	121	1
445	121	1
452	121	1
455	121	1
457	121	-1
458	121	1
461	121	-1
463	121	1
465	121	-1
468	121	-1
2	122	-1
5	122	-1
6	122	-1
10	122	-1
11	122	-1
13	122	-1
17	122	-1
18	122	-1
22	122	-1
23	122	1
25	122	-1
27	122	-1
28	122	-1
31	122	-1
36	122	-1
38	122	-1
40	122	-1
41	122	-1
44	122	-1
45	122	-1
46	122	-1
52	122	-1
57	122	-1
60	122	-1
64	122	-1
70	122	-1
71	122	-1
73	122	-1
75	122	-1
77	122	-1
82	122	-1
91	122	-1
93	122	1
94	122	-1
95	122	-1
98	122	-1
101	122	-1
102	122	1
103	122	-1
104	122	1
106	122	-1
109	122	-1
110	122	1
112	122	-1
116	122	-1
120	122	-1
122	122	-1
128	122	-1
129	122	-1
131	122	1
132	122	-1
133	122	-1
137	122	-1
138	122	-1
140	122	1
142	122	-1
145	122	-1
147	122	1
148	122	-1
150	122	-1
153	122	1
154	122	-1
156	122	-1
160	122	-1
161	122	-1
167	122	1
168	122	-1
169	122	-1
173	122	-1
174	122	-1
175	122	1
176	122	1
178	122	-1
179	122	1
180	122	-1
182	122	-1
184	122	-1
191	122	-1
192	122	-1
193	122	-1
195	122	-1
196	122	-1
197	122	-1
198	122	-1
199	122	-1
202	122	-1
203	122	-1
208	122	-1
210	122	-1
211	122	-1
212	122	-1
214	122	-1
215	122	-1
217	122	-1
223	122	-1
225	122	-1
226	122	1
228	122	1
231	122	-1
232	122	-1
233	122	-1
240	122	-1
241	122	-1
245	122	1
246	122	1
249	122	1
253	122	-1
254	122	1
255	122	-1
256	122	1
257	122	-1
258	122	-1
260	122	-1
261	122	-1
263	122	-1
264	122	1
269	122	-1
275	122	-1
277	122	-1
278	122	1
279	122	-1
280	122	-1
281	122	-1
284	122	-1
285	122	-1
286	122	-1
289	122	-1
290	122	1
292	122	-1
293	122	-1
295	122	1
296	122	-1
300	122	-1
302	122	1
304	122	-1
306	122	1
309	122	-1
310	122	-1
311	122	-1
312	122	-1
313	122	-1
314	122	-1
319	122	-1
320	122	-1
324	122	-1
325	122	-1
326	122	-1
330	122	-1
331	122	-1
332	122	-1
333	122	-1
334	122	-1
335	122	-1
338	122	-1
339	122	-1
340	122	-1
341	122	1
344	122	-1
345	122	-1
348	122	1
353	122	-1
354	122	-1
355	122	-1
356	122	1
357	122	1
358	122	-1
359	122	-1
360	122	-1
361	122	-1
362	122	-1
363	122	-1
364	122	-1
365	122	-1
369	122	-1
370	122	-1
371	122	1
372	122	-1
373	122	-1
374	122	-1
375	122	-1
376	122	-1
377	122	-1
379	122	-1
380	122	-1
382	122	1
385	122	1
386	122	-1
388	122	1
389	122	1
390	122	-1
391	122	1
392	122	1
394	122	1
396	122	1
397	122	1
399	122	-1
401	122	-1
402	122	1
403	122	1
404	122	1
406	122	1
409	122	-1
410	122	1
412	122	1
417	122	1
419	122	-1
421	122	-1
422	122	-1
423	122	-1
424	122	-1
426	122	-1
428	122	-1
431	122	-1
437	122	-1
438	122	-1
439	122	-1
440	122	-1
449	122	-1
453	122	-1
455	122	1
457	122	-1
458	122	1
461	122	-1
465	122	-1
466	122	-1
468	122	-1
469	122	-1
470	122	-1
471	122	-1
278	123	1
387	123	1
207	124	1
276	124	1
134	125	1
184	125	1
207	125	1
256	125	1
276	125	1
278	125	1
348	125	1
387	125	1
417	125	1
421	125	1
2	126	1
9	126	1
15	126	1
16	126	1
19	126	1
23	126	1
25	126	1
43	126	1
55	126	1
78	126	1
88	126	1
92	126	1
93	126	1
104	126	1
106	126	1
110	126	1
117	126	1
118	126	1
119	126	1
127	126	1
130	126	1
131	126	1
134	126	1
138	126	-1
148	126	1
152	126	1
153	126	1
155	126	1
167	126	1
168	126	-1
172	126	1
176	126	1
179	126	1
180	126	1
181	126	1
184	126	1
187	126	1
189	126	1
191	126	1
197	126	-1
201	126	1
222	126	1
227	126	1
228	126	1
238	126	1
246	126	1
249	126	1
256	126	1
265	126	1
276	126	1
278	126	1
286	126	1
301	126	1
313	126	1
315	126	1
319	126	1
320	126	-1
321	126	1
335	126	-1
340	126	-1
347	126	1
348	126	1
349	126	1
356	126	1
357	126	1
372	126	1
386	126	1
387	126	1
394	126	1
396	126	1
403	126	1
406	126	-1
410	126	-1
421	126	1
424	126	-1
432	126	1
443	126	1
446	126	1
449	126	1
452	126	1
454	126	1
455	126	1
468	126	-1
19	127	1
21	127	1
23	127	1
43	127	1
55	127	1
78	127	1
92	127	1
93	127	1
104	127	1
110	127	1
126	127	1
127	127	1
131	127	1
134	127	1
147	127	1
148	127	-1
152	127	1
153	127	1
154	127	-1
155	127	1
167	127	1
176	127	1
179	127	1
181	127	1
187	127	1
191	127	1
207	127	1
217	127	1
227	127	1
228	127	1
229	127	1
230	127	1
238	127	1
246	127	1
249	127	1
256	127	1
276	127	1
278	127	1
286	127	1
313	127	1
316	127	1
326	127	-1
347	127	1
349	127	1
372	127	1
387	127	1
406	127	-1
410	127	-1
417	127	1
421	127	1
428	127	1
443	127	1
452	127	1
455	127	1
9	128	1
19	128	1
21	128	1
23	128	1
43	128	1
50	128	1
55	128	1
62	128	1
78	128	1
79	128	1
88	128	1
92	128	1
93	128	1
104	128	1
110	128	1
119	128	1
127	128	1
130	128	1
131	128	1
134	128	1
144	128	1
147	128	1
153	128	1
154	128	-1
155	128	1
167	128	1
168	128	-1
172	128	1
176	128	1
179	128	1
180	128	1
181	128	1
187	128	1
189	128	1
191	128	1
197	128	-1
201	128	1
206	128	1
207	128	1
227	128	1
228	128	1
229	128	1
230	128	1
238	128	1
239	128	1
241	128	-1
246	128	1
249	128	1
254	128	1
256	128	1
276	128	1
278	128	1
286	128	1
316	128	1
330	128	1
335	128	-1
347	128	1
348	128	1
349	128	1
356	128	1
357	128	1
387	128	1
392	128	1
394	128	1
403	128	1
411	128	1
412	128	1
417	128	1
418	128	1
421	128	1
428	128	1
441	128	1
449	128	1
452	128	1
454	128	1
455	128	1
456	128	1
458	128	1
459	128	1
468	128	-1
19	129	1
23	129	1
43	129	1
55	129	1
62	129	1
72	129	1
78	129	1
88	129	1
92	129	1
93	129	1
100	129	1
104	129	1
110	129	1
119	129	1
127	129	1
130	129	1
134	129	1
143	129	1
144	129	1
147	129	1
148	129	-1
153	129	1
154	129	-1
155	129	1
167	129	1
168	129	-1
172	129	1
176	129	1
179	129	1
180	129	-1
181	129	1
183	129	1
187	129	1
189	129	1
191	129	1
194	129	1
195	129	-1
201	129	1
211	129	1
213	129	1
224	129	1
226	129	1
227	129	1
228	129	1
229	129	1
230	129	1
245	129	1
246	129	1
249	129	1
250	129	1
254	129	1
255	129	-1
256	129	1
259	129	1
264	129	1
266	129	1
270	129	1
276	129	1
278	129	1
286	129	1
294	129	1
297	129	1
313	129	1
316	129	1
321	129	1
330	129	1
335	129	-1
347	129	1
348	129	1
349	129	1
352	129	1
357	129	1
387	129	1
392	129	1
394	129	1
402	129	1
410	129	-1
411	129	1
412	129	1
415	129	1
417	129	1
418	129	1
421	129	1
424	129	-1
428	129	1
429	129	1
446	129	1
449	129	1
452	129	1
454	129	1
455	129	1
457	129	-1
468	129	-1
1	130	1
3	130	1
9	130	1
15	130	1
16	130	1
19	130	1
23	130	1
43	130	1
55	130	1
72	130	1
76	130	1
78	130	1
84	130	1
88	130	1
90	130	1
93	130	1
104	130	1
110	130	1
112	130	-1
118	130	1
119	130	1
121	130	1
127	130	1
130	130	1
131	130	1
134	130	1
143	130	1
148	130	-1
152	130	1
153	130	1
154	130	-1
159	130	1
162	130	1
163	130	1
167	130	1
168	130	-1
172	130	1
175	130	1
176	130	1
179	130	1
180	130	1
181	130	1
187	130	1
189	130	1
193	130	-1
206	130	1
208	130	-1
214	130	-1
226	130	1
227	130	1
228	130	1
230	130	1
236	130	1
238	130	1
239	130	1
245	130	1
246	130	1
254	130	1
255	130	-1
256	130	1
259	130	1
264	130	1
266	130	1
273	130	1
276	130	1
278	130	1
295	130	1
301	130	1
326	130	-1
329	130	1
335	130	-1
340	130	-1
341	130	1
347	130	1
348	130	1
349	130	1
356	130	1
357	130	1
385	130	1
387	130	1
392	130	1
394	130	1
398	130	1
403	130	1
410	130	-1
411	130	1
412	130	1
414	130	1
415	130	1
417	130	1
418	130	1
424	130	-1
429	130	1
432	130	1
434	130	1
436	130	1
441	130	1
445	130	1
446	130	1
452	130	1
455	130	1
458	130	1
459	130	1
465	130	-1
468	130	-1
472	130	1
8	131	1
9	131	1
15	131	1
16	131	1
22	131	1
23	131	1
43	131	1
46	131	-1
55	131	1
71	131	-1
76	131	1
78	131	1
92	131	1
93	131	1
98	131	-1
104	131	1
110	131	1
112	131	-1
119	131	1
121	131	1
127	131	1
131	131	1
134	131	1
138	131	-1
143	131	1
144	131	1
147	131	1
148	131	-1
152	131	1
153	131	1
154	131	-1
156	131	-1
162	131	1
163	131	-1
167	131	1
168	131	-1
172	131	1
175	131	1
176	131	1
179	131	1
180	131	1
181	131	1
187	131	1
189	131	1
193	131	-1
195	131	-1
196	131	-1
197	131	-1
200	131	1
205	131	1
206	131	1
208	131	-1
209	131	1
214	131	-1
226	131	1
228	131	1
229	131	1
230	131	1
231	131	-1
233	131	-1
236	131	1
238	131	1
241	131	-1
245	131	1
246	131	1
248	131	-1
249	131	1
251	131	-1
254	131	1
255	131	-1
256	131	1
257	131	-1
259	131	1
264	131	1
266	131	1
273	131	1
278	131	1
280	131	-1
283	131	1
289	131	-1
290	131	1
294	131	1
295	131	1
301	131	1
306	131	1
307	131	1
309	131	-1
317	131	1
326	131	-1
328	131	1
329	131	1
335	131	-1
336	131	1
337	131	1
340	131	-1
341	131	1
348	131	1
349	131	1
356	131	1
357	131	1
367	131	1
368	131	-1
385	131	1
392	131	1
394	131	1
401	131	-1
402	131	1
403	131	1
404	131	-1
406	131	-1
407	131	1
410	131	-1
411	131	1
415	131	1
417	131	1
418	131	1
424	131	-1
434	131	1
443	131	1
445	131	1
452	131	1
455	131	1
456	131	1
457	131	-1
460	131	1
462	131	1
463	131	1
465	131	-1
468	131	-1
469	131	-1
470	131	1
9	132	1
13	132	-1
16	132	1
43	132	1
63	132	1
65	132	1
71	132	-1
78	132	1
93	132	1
95	132	-1
98	132	-1
99	132	1
104	132	1
106	132	-1
110	132	1
112	132	-1
119	132	1
121	132	1
127	132	1
134	132	1
138	132	-1
142	132	-1
145	132	-1
147	132	1
148	132	-1
152	132	1
153	132	1
154	132	-1
163	132	-1
167	132	1
168	132	-1
170	132	-1
175	132	1
176	132	1
179	132	1
189	132	1
192	132	1
193	132	-1
195	132	-1
197	132	-1
199	132	-1
200	132	1
206	132	1
208	132	-1
209	132	1
214	132	-1
226	132	1
228	132	1
233	132	-1
238	132	1
246	132	1
248	132	-1
249	132	1
254	132	1
255	132	-1
256	132	1
259	132	1
262	132	1
264	132	1
273	132	1
278	132	1
283	132	1
288	132	1
294	132	1
295	132	1
301	132	1
326	132	-1
331	132	-1
335	132	-1
336	132	1
340	132	-1
348	132	1
356	132	1
357	132	1
364	132	-1
379	132	-1
392	132	1
394	132	1
401	132	-1
402	132	1
403	132	1
404	132	-1
409	132	-1
410	132	-1
411	132	1
417	132	1
418	132	1
419	132	-1
424	132	-1
432	132	1
436	132	1
443	132	1
455	132	1
459	132	1
19	135	1
88	135	1
92	135	1
102	135	1
131	135	1
176	135	1
187	135	1
191	135	1
210	135	1
213	135	1
246	135	1
256	135	1
327	135	1
387	135	1
418	135	1
421	135	1
452	135	1
455	135	1
80	136	-1
187	136	1
210	136	1
246	136	1
387	136	1
21	137	1
35	137	1
92	137	1
210	137	1
256	137	1
306	137	1
19	138	1
131	138	1
173	138	1
187	138	1
256	138	1
262	138	1
267	138	1
387	138	1
455	138	1
12	139	1
19	139	1
26	139	1
92	139	1
108	139	1
131	139	1
160	139	1
176	139	1
187	139	1
194	139	1
210	139	1
213	139	1
245	139	1
269	139	1
283	139	1
332	139	1
372	139	1
411	139	1
418	139	1
455	139	1
7	140	1
8	140	1
86	140	-1
157	140	-1
180	140	1
210	140	1
256	140	1
265	140	1
316	140	-1
327	140	1
356	140	1
385	140	-1
427	140	1
455	140	1
460	140	-1
469	140	-1
3	141	1
21	141	1
55	141	1
58	141	1
63	141	1
69	141	1
89	141	1
176	141	1
183	141	1
210	141	1
256	141	1
265	141	1
307	141	1
327	141	1
342	141	-1
351	141	1
356	141	1
372	141	1
402	141	1
415	141	1
436	141	1
451	141	1
452	141	1
21	142	1
89	142	-1
115	142	1
117	142	1
173	142	-1
176	142	1
190	142	1
228	142	1
256	142	1
265	142	1
276	142	-1
298	142	1
307	142	1
327	142	1
357	142	1
372	142	1
402	142	1
415	142	1
451	142	1
452	142	1
7	143	1
66	143	-1
86	143	-1
98	143	-1
131	143	1
157	143	-1
168	143	-1
170	143	-1
233	143	-1
248	143	1
255	143	1
256	143	1
274	143	1
284	143	-1
286	143	1
320	143	-1
335	143	-1
349	143	1
353	143	-1
357	143	1
362	143	-1
380	143	-1
385	143	-1
387	143	1
402	143	1
407	143	1
444	143	-1
452	143	1
455	143	1
457	143	-1
2	144	1
8	144	1
32	144	1
55	144	1
62	144	1
69	144	1
88	144	1
92	144	1
105	144	-1
131	144	1
162	144	1
176	144	1
183	144	1
184	144	1
187	144	1
191	144	1
211	144	1
227	144	1
254	144	1
255	144	-1
256	144	1
270	144	1
278	144	1
284	144	-1
286	144	1
297	144	1
307	144	1
335	144	-1
349	144	1
357	144	1
387	144	1
394	144	1
402	144	1
417	144	1
428	144	1
436	144	1
443	144	1
452	144	1
455	144	1
457	144	-1
464	144	1
468	144	-1
186	145	-1
196	145	1
235	145	1
248	145	1
263	145	1
316	145	1
339	145	1
342	145	1
391	145	1
403	145	1
442	145	1
21	146	1
23	146	1
53	146	1
111	146	1
115	146	-1
248	146	1
276	146	1
371	146	1
417	146	1
440	146	1
172	147	1
327	147	1
428	147	1
19	154	1
23	154	1
24	154	1
78	154	1
108	154	1
127	154	1
148	154	-1
166	154	1
167	154	1
176	154	1
181	154	1
217	154	-1
228	154	1
229	154	1
246	154	1
256	154	1
259	154	1
262	154	1
274	154	1
278	154	1
283	154	1
295	154	1
305	154	1
306	154	1
348	154	1
403	154	1
411	154	1
417	154	1
436	154	1
455	154	1
43	155	1
278	155	-1
417	155	-1
455	155	-1
19	156	1
85	156	1
131	156	1
172	156	1
228	156	1
255	156	1
282	156	1
318	156	1
329	156	1
353	156	1
455	156	1
43	157	-1
80	157	1
81	157	1
110	157	-1
151	157	1
153	157	-1
173	157	1
231	157	1
249	157	-1
278	157	-1
295	157	1
298	157	1
317	157	1
326	157	1
327	157	1
378	157	1
397	157	1
417	157	-1
455	157	-1
43	159	1
249	159	1
278	159	1
298	159	-1
447	159	1
417	160	-1
455	160	-1
16	161	-1
21	161	-1
30	161	1
80	161	1
134	161	-1
191	161	-1
207	161	-1
217	161	1
229	161	-1
264	161	-1
266	161	-1
268	161	-1
276	161	-1
298	161	-1
307	161	1
421	161	-1
440	161	1
150	162	1
229	162	-1
274	162	1
276	162	-1
307	162	1
436	162	1
229	163	-1
274	163	1
276	163	-1
307	163	1
10	164	1
63	164	1
104	164	1
150	164	-1
306	164	1
65	165	-1
165	165	-1
402	165	1
455	165	1
23	166	1
110	166	1
199	166	1
403	166	1
428	166	1
8	167	1
9	167	-1
21	167	1
82	167	1
85	167	1
115	167	1
131	167	1
157	167	1
163	167	1
217	167	1
307	167	1
328	167	1
356	167	1
395	167	1
397	167	1
37	168	-1
385	168	1
394	168	1
403	168	1
20	170	1
244	170	1
4	171	1
9	171	1
56	171	1
115	171	1
137	171	1
140	171	1
260	171	1
385	171	1
412	171	1
425	171	1
63	172	1
115	172	1
219	172	1
282	172	1
403	172	1
432	172	1
3	173	1
317	173	1
388	173	1
394	173	1
